2020/11/20, 15:25:00, 42.38, 42.38, 42.37, 42.38, 10, 8, 6, 4
2020/11/20, 15:25:30, 42.38, 42.38, 42.37, 42.37, 24, 21, 9, 15
2020/11/20, 15:26:00, 42.37, 42.38, 42.37, 42.37, 78, 52, 15, 63
2020/11/20, 15:26:30, 42.37, 42.40, 42.37, 42.40, 137, 106, 32, 105
2020/11/20, 15:27:00, 42.39, 42.42, 42.39, 42.42, 152, 122, 73, 79
2020/11/20, 15:27:30, 42.42, 42.43, 42.42, 42.43, 64, 40, 25, 39
2020/11/20, 15:28:00, 42.42, 42.42, 42.41, 42.41, 33, 30, 23, 10
2020/11/20, 15:28:30, 42.41, 42.41, 42.41, 42.41, 20, 20, 13, 7
2020/11/20, 15:29:00, 42.41, 42.41, 42.40, 42.40, 24, 23, 17, 7
2020/11/20, 15:29:30, 42.41, 42.41, 42.40, 42.41, 32, 28, 10, 22
2020/11/20, 15:30:00, 42.42, 42.42, 42.40, 42.41, 47, 38, 27, 20
2020/11/20, 15:30:30, 42.41, 42.41, 42.41, 42.41, 25, 21, 10, 15
2020/11/20, 15:31:00, 42.41, 42.41, 42.40, 42.41, 8, 8, 4, 4
2020/11/20, 15:31:30, 42.41, 42.42, 42.41, 42.41, 11, 9, 8, 3
2020/11/20, 15:32:00, 42.42, 42.42, 42.41, 42.42, 49, 28, 8, 41
2020/11/20, 15:32:30, 42.41, 42.42, 42.41, 42.42, 6, 6, 3, 3
2020/11/20, 15:33:00, 42.42, 42.42, 42.42, 42.42, 27, 22, 4, 23
2020/11/20, 15:33:30, 42.42, 42.43, 42.41, 42.43, 52, 41, 23, 29
2020/11/20, 15:34:00, 42.42, 42.42, 42.42, 42.42, 18, 10, 13, 5
2020/11/20, 15:35:00, 42.42, 42.42, 42.42, 42.42, 1, 1, 0, 1
2020/11/20, 15:35:30, 42.41, 42.42, 42.41, 42.42, 14, 13, 2, 12
2020/11/20, 15:36:00, 42.43, 42.45, 42.43, 42.45, 126, 99, 45, 81
2020/11/20, 15:36:30, 42.46, 42.54, 42.46, 42.49, 750, 503, 257, 493
2020/11/20, 15:37:00, 42.50, 42.51, 42.49, 42.50, 77, 65, 29, 48
2020/11/20, 15:37:30, 42.50, 42.52, 42.49, 42.49, 94, 71, 67, 27
2020/11/20, 15:38:00, 42.50, 42.51, 42.49, 42.50, 82, 64, 32, 50
2020/11/20, 15:38:30, 42.51, 42.51, 42.50, 42.51, 27, 22, 7, 20
2020/11/20, 15:39:00, 42.52, 42.53, 42.51, 42.51, 32, 28, 14, 18
2020/11/20, 15:39:30, 42.52, 42.53, 42.52, 42.52, 19, 17, 7, 12
2020/11/20, 15:40:00, 42.53, 42.54, 42.51, 42.51, 67, 56, 44, 23
2020/11/20, 15:40:30, 42.51, 42.51, 42.49, 42.49, 44, 31, 31, 13
2020/11/20, 15:41:00, 42.48, 42.49, 42.46, 42.47, 173, 135, 127, 46
2020/11/20, 15:41:30, 42.48, 42.48, 42.47, 42.48, 21, 20, 8, 13
2020/11/20, 15:42:00, 42.49, 42.49, 42.47, 42.48, 73, 57, 42, 31
2020/11/20, 15:42:30, 42.47, 42.47, 42.47, 42.47, 54, 38, 12, 42
2020/11/20, 15:43:00, 42.47, 42.48, 42.46, 42.48, 154, 111, 84, 70
2020/11/20, 15:43:30, 42.48, 42.50, 42.48, 42.49, 60, 43, 51, 9
2020/11/20, 15:44:00, 42.48, 42.49, 42.48, 42.48, 32, 27, 10, 22
2020/11/20, 15:44:30, 42.48, 42.48, 42.47, 42.47, 9, 7, 6, 3
2020/11/20, 15:45:00, 42.47, 42.48, 42.46, 42.48, 63, 50, 34, 29
2020/11/20, 15:45:30, 42.48, 42.49, 42.47, 42.48, 64, 49, 38, 26
2020/11/20, 15:46:00, 42.49, 42.50, 42.49, 42.49, 50, 36, 21, 29
2020/11/20, 15:46:30, 42.49, 42.50, 42.49, 42.50, 5, 5, 0, 5
2020/11/20, 15:47:00, 42.50, 42.51, 42.50, 42.51, 30, 21, 9, 21
2020/11/20, 15:47:30, 42.51, 42.52, 42.49, 42.49, 78, 56, 43, 35
2020/11/20, 15:48:00, 42.49, 42.51, 42.49, 42.51, 40, 32, 15, 25
2020/11/20, 15:48:30, 42.51, 42.52, 42.50, 42.51, 119, 92, 47, 72
2020/11/20, 15:49:00, 42.51, 42.52, 42.51, 42.51, 72, 53, 37, 35
2020/11/20, 15:49:30, 42.52, 42.52, 42.46, 42.46, 466, 273, 297, 169
2020/11/20, 15:50:00, 42.46, 42.46, 42.41, 42.43, 573, 337, 381, 192
2020/11/20, 15:50:30, 42.44, 42.46, 42.44, 42.46, 167, 91, 83, 84
2020/11/20, 15:51:00, 42.46, 42.47, 42.45, 42.46, 49, 36, 23, 26
2020/11/20, 15:51:30, 42.46, 42.46, 42.45, 42.46, 27, 21, 8, 19
2020/11/20, 15:52:00, 42.46, 42.48, 42.45, 42.48, 76, 53, 21, 55
2020/11/20, 15:52:30, 42.47, 42.48, 42.47, 42.48, 51, 44, 21, 30
2020/11/20, 15:53:00, 42.47, 42.48, 42.47, 42.47, 17, 15, 12, 5
2020/11/20, 15:53:30, 42.47, 42.48, 42.47, 42.48, 32, 28, 19, 13
2020/11/20, 15:54:00, 42.48, 42.48, 42.47, 42.48, 56, 49, 37, 19
2020/11/20, 15:54:30, 42.48, 42.48, 42.46, 42.46, 104, 70, 68, 36
2020/11/20, 15:55:00, 42.45, 42.45, 42.42, 42.43, 127, 96, 82, 45
2020/11/20, 15:55:30, 42.42, 42.42, 42.41, 42.42, 23, 21, 18, 5
2020/11/20, 15:56:00, 42.42, 42.42, 42.39, 42.40, 82, 70, 58, 24
2020/11/20, 15:56:30, 42.39, 42.41, 42.39, 42.39, 18, 16, 11, 7
2020/11/20, 15:57:00, 42.39, 42.40, 42.38, 42.40, 34, 28, 25, 9
2020/11/20, 15:57:30, 42.39, 42.40, 42.38, 42.39, 72, 59, 35, 37
2020/11/20, 15:58:00, 42.40, 42.41, 42.39, 42.40, 33, 31, 15, 18
2020/11/20, 15:58:30, 42.41, 42.41, 42.40, 42.40, 5, 5, 3, 2
2020/11/20, 15:59:00, 42.41, 42.41, 42.39, 42.41, 65, 57, 38, 27
2020/11/20, 15:59:30, 42.40, 42.42, 42.40, 42.41, 53, 44, 27, 26
2020/11/20, 16:00:00, 42.41, 42.42, 42.40, 42.42, 108, 89, 73, 35
2020/11/20, 16:00:30, 42.42, 42.42, 42.40, 42.42, 29, 28, 14, 15
2020/11/20, 16:01:00, 42.42, 42.45, 42.40, 42.41, 130, 92, 80, 50
2020/11/20, 16:01:30, 42.42, 42.42, 42.41, 42.41, 11, 10, 5, 6
2020/11/20, 16:02:00, 42.42, 42.42, 42.41, 42.41, 24, 22, 15, 9
2020/11/20, 16:02:30, 42.41, 42.42, 42.41, 42.41, 6, 6, 5, 1
2020/11/20, 16:03:00, 42.42, 42.44, 42.42, 42.43, 24, 21, 8, 16
2020/11/20, 16:03:30, 42.43, 42.43, 42.42, 42.42, 6, 6, 4, 2
2020/11/20, 16:04:00, 42.42, 42.42, 42.40, 42.40, 28, 21, 23, 5
2020/11/20, 16:04:30, 42.39, 42.40, 42.39, 42.40, 42, 27, 37, 5
2020/11/20, 16:05:00, 42.40, 42.40, 42.40, 42.40, 15, 14, 8, 7
2020/11/20, 16:05:30, 42.40, 42.40, 42.39, 42.40, 4, 4, 3, 1
2020/11/20, 16:06:00, 42.40, 42.40, 42.40, 42.40, 3, 1, 3, 0
2020/11/20, 16:06:30, 42.41, 42.41, 42.39, 42.40, 22, 19, 10, 12
2020/11/20, 16:07:00, 42.41, 42.41, 42.40, 42.40, 20, 16, 7, 13
2020/11/20, 16:07:30, 42.39, 42.39, 42.38, 42.38, 42, 27, 25, 17
2020/11/20, 16:08:00, 42.38, 42.38, 42.38, 42.38, 37, 20, 30, 7
2020/11/20, 16:08:30, 42.38, 42.38, 42.37, 42.38, 14, 14, 9, 5
2020/11/20, 16:09:00, 42.38, 42.39, 42.38, 42.39, 13, 13, 1, 12
2020/11/20, 16:09:30, 42.40, 42.42, 42.40, 42.41, 19, 16, 3, 16
2020/11/20, 16:10:00, 42.40, 42.40, 42.40, 42.40, 8, 8, 8, 0
2020/11/20, 16:10:30, 42.40, 42.41, 42.40, 42.41, 7, 7, 0, 7
2020/11/20, 16:11:00, 42.40, 42.40, 42.40, 42.40, 2, 2, 2, 0
2020/11/20, 16:11:30, 42.40, 42.40, 42.38, 42.38, 22, 17, 21, 1
2020/11/20, 16:12:00, 42.39, 42.40, 42.38, 42.39, 34, 29, 21, 13
2020/11/20, 16:12:30, 42.38, 42.39, 42.38, 42.38, 13, 9, 5, 8
2020/11/20, 16:13:00, 42.38, 42.39, 42.38, 42.39, 25, 24, 19, 6
2020/11/20, 16:13:30, 42.40, 42.40, 42.38, 42.38, 15, 10, 11, 4
2020/11/20, 16:14:00, 42.39, 42.39, 42.39, 42.39, 6, 6, 1, 5
2020/11/20, 16:14:30, 42.40, 42.40, 42.40, 42.40, 8, 8, 1, 7
2020/11/20, 16:15:00, 42.40, 42.42, 42.40, 42.41, 19, 17, 7, 12
2020/11/20, 16:16:00, 42.42, 42.42, 42.41, 42.42, 22, 19, 6, 16
2020/11/20, 16:16:30, 42.41, 42.41, 42.40, 42.41, 28, 18, 20, 8
2020/11/20, 16:17:00, 42.41, 42.41, 42.40, 42.41, 17, 13, 3, 14
2020/11/20, 16:17:30, 42.40, 42.42, 42.40, 42.41, 18, 14, 14, 4
2020/11/20, 16:18:00, 42.41, 42.41, 42.41, 42.41, 2, 2, 1, 1
2020/11/20, 16:18:30, 42.40, 42.40, 42.40, 42.40, 2, 2, 2, 0
2020/11/20, 16:19:00, 42.41, 42.42, 42.41, 42.42, 5, 5, 1, 4
2020/11/20, 16:19:30, 42.41, 42.41, 42.41, 42.41, 12, 12, 8, 4
2020/11/20, 16:20:00, 42.42, 42.42, 42.40, 42.41, 7, 6, 5, 2
2020/11/20, 16:20:30, 42.41, 42.42, 42.41, 42.42, 2, 2, 1, 1
2020/11/20, 16:21:00, 42.42, 42.42, 42.42, 42.42, 16, 14, 0, 16
2020/11/20, 16:21:30, 42.42, 42.42, 42.42, 42.42, 7, 7, 4, 3
2020/11/20, 16:22:00, 42.42, 42.42, 42.42, 42.42, 5, 4, 5, 0
2020/11/20, 16:22:30, 42.41, 42.41, 42.41, 42.41, 6, 5, 6, 0
2020/11/20, 16:23:00, 42.42, 42.43, 42.42, 42.42, 21, 15, 7, 14
2020/11/20, 16:23:30, 42.42, 42.42, 42.42, 42.42, 1, 1, 1, 0
2020/11/20, 16:24:00, 42.41, 42.42, 42.41, 42.41, 14, 11, 13, 1
2020/11/20, 16:24:30, 42.42, 42.42, 42.42, 42.42, 1, 1, 0, 1
2020/11/20, 16:25:00, 42.42, 42.42, 42.40, 42.40, 27, 21, 23, 4
2020/11/20, 16:25:30, 42.41, 42.41, 42.41, 42.41, 28, 13, 12, 16
2020/11/20, 16:26:00, 42.42, 42.42, 42.40, 42.40, 26, 24, 25, 1
2020/11/20, 16:26:30, 42.40, 42.40, 42.40, 42.40, 2, 2, 2, 0
2020/11/20, 16:27:00, 42.40, 42.40, 42.40, 42.40, 2, 2, 2, 0
2020/11/20, 16:27:30, 42.40, 42.40, 42.40, 42.40, 3, 3, 3, 0
2020/11/20, 16:28:00, 42.40, 42.40, 42.40, 42.40, 11, 11, 11, 0
2020/11/20, 16:28:30, 42.41, 42.41, 42.41, 42.41, 1, 1, 0, 1
2020/11/20, 16:29:00, 42.41, 42.41, 42.40, 42.40, 35, 23, 29, 6
2020/11/20, 16:29:30, 42.40, 42.40, 42.39, 42.40, 14, 13, 5, 9
2020/11/20, 16:30:00, 42.40, 42.40, 42.38, 42.39, 126, 89, 93, 33
2020/11/20, 16:30:30, 42.40, 42.41, 42.40, 42.41, 10, 10, 1, 9
2020/11/20, 16:31:00, 42.40, 42.42, 42.40, 42.42, 89, 71, 52, 37
2020/11/20, 16:31:30, 42.42, 42.43, 42.42, 42.43, 38, 27, 23, 15
2020/11/20, 16:32:00, 42.44, 42.44, 42.43, 42.43, 5, 5, 4, 1
2020/11/20, 16:32:30, 42.43, 42.45, 42.43, 42.45, 52, 37, 9, 43
2020/11/20, 16:33:00, 42.45, 42.45, 42.45, 42.45, 5, 5, 5, 0
2020/11/20, 16:33:30, 42.46, 42.46, 42.43, 42.43, 51, 41, 43, 8
2020/11/20, 16:34:00, 42.43, 42.44, 42.43, 42.44, 26, 24, 16, 10
2020/11/20, 16:34:30, 42.43, 42.43, 42.43, 42.43, 1, 1, 1, 0
2020/11/20, 16:35:00, 42.43, 42.44, 42.42, 42.44, 21, 19, 9, 12
2020/11/20, 16:35:30, 42.43, 42.44, 42.43, 42.44, 48, 35, 16, 32
2020/11/20, 16:36:00, 42.44, 42.44, 42.44, 42.44, 8, 8, 8, 0
2020/11/20, 16:36:30, 42.44, 42.44, 42.44, 42.44, 40, 13, 40, 0
2020/11/20, 16:37:00, 42.45, 42.45, 42.44, 42.44, 2, 2, 1, 1
2020/11/20, 16:37:30, 42.44, 42.47, 42.44, 42.46, 78, 56, 28, 50
2020/11/20, 16:38:00, 42.46, 42.46, 42.45, 42.45, 2, 2, 1, 1
2020/11/20, 16:38:30, 42.45, 42.45, 42.45, 42.45, 1, 1, 1, 0
2020/11/20, 16:39:00, 42.45, 42.45, 42.45, 42.45, 2, 2, 2, 0
2020/11/20, 16:39:30, 42.45, 42.45, 42.45, 42.45, 7, 7, 7, 0
2020/11/20, 16:40:00, 42.45, 42.45, 42.44, 42.44, 15, 15, 13, 2
2020/11/20, 16:41:00, 42.44, 42.44, 42.44, 42.44, 5, 5, 4, 1
2020/11/20, 16:41:30, 42.44, 42.45, 42.44, 42.45, 13, 12, 1, 12
2020/11/20, 16:42:00, 42.46, 42.46, 42.46, 42.46, 8, 8, 0, 8
2020/11/20, 16:42:30, 42.45, 42.45, 42.45, 42.45, 4, 4, 4, 0
2020/11/20, 16:43:00, 42.46, 42.46, 42.45, 42.45, 3, 3, 1, 2
2020/11/20, 16:43:30, 42.46, 42.46, 42.46, 42.46, 1, 1, 0, 1
2020/11/20, 16:44:00, 42.45, 42.45, 42.44, 42.45, 23, 23, 18, 5
2020/11/20, 16:44:30, 42.44, 42.46, 42.43, 42.43, 40, 38, 27, 13
2020/11/20, 16:45:00, 42.43, 42.45, 42.43, 42.43, 113, 101, 62, 51
2020/11/20, 16:45:30, 42.44, 42.44, 42.44, 42.44, 1, 1, 0, 1
2020/11/20, 16:46:00, 42.43, 42.45, 42.38, 42.39, 294, 216, 229, 65
2020/11/20, 16:46:30, 42.39, 42.42, 42.39, 42.42, 21, 20, 0, 21
2020/11/20, 16:47:00, 42.42, 42.42, 42.38, 42.39, 60, 55, 37, 23
2020/11/20, 16:47:30, 42.39, 42.41, 42.39, 42.41, 12, 10, 0, 12
2020/11/20, 16:48:00, 42.41, 42.42, 42.40, 42.40, 33, 31, 18, 15
2020/11/20, 16:48:30, 42.41, 42.42, 42.40, 42.41, 12, 11, 3, 9
2020/11/20, 16:49:00, 42.40, 42.41, 42.40, 42.40, 36, 30, 10, 26
2020/11/20, 16:49:30, 42.41, 42.43, 42.41, 42.43, 56, 33, 0, 56
2020/11/20, 16:50:00, 42.42, 42.44, 42.40, 42.41, 127, 85, 98, 29
2020/11/20, 16:51:00, 42.40, 42.41, 42.40, 42.41, 15, 13, 3, 12
2020/11/20, 16:51:30, 42.41, 42.41, 42.38, 42.39, 69, 50, 41, 28
2020/11/20, 16:52:00, 42.39, 42.40, 42.38, 42.39, 27, 23, 21, 6
2020/11/20, 16:52:30, 42.38, 42.40, 42.38, 42.40, 14, 14, 4, 10
2020/11/20, 16:53:00, 42.40, 42.41, 42.38, 42.39, 30, 25, 13, 17
2020/11/20, 16:53:30, 42.40, 42.42, 42.40, 42.42, 41, 31, 9, 32
2020/11/20, 16:54:00, 42.43, 42.44, 42.41, 42.43, 53, 39, 32, 21
2020/11/20, 16:54:30, 42.43, 42.43, 42.42, 42.42, 19, 11, 15, 4
2020/11/20, 16:55:00, 42.41, 42.43, 42.40, 42.42, 82, 67, 44, 38
2020/11/20, 16:55:30, 42.42, 42.42, 42.42, 42.42, 4, 3, 0, 4
2020/11/20, 16:56:00, 42.42, 42.43, 42.42, 42.42, 32, 17, 5, 27
2020/11/20, 16:56:30, 42.42, 42.43, 42.42, 42.42, 13, 12, 8, 5
2020/11/20, 16:57:00, 42.43, 42.43, 42.42, 42.43, 38, 29, 25, 13
2020/11/20, 16:57:30, 42.43, 42.45, 42.42, 42.45, 26, 20, 13, 13
2020/11/20, 16:58:00, 42.45, 42.46, 42.43, 42.45, 29, 24, 16, 13
2020/11/20, 16:58:30, 42.45, 42.46, 42.44, 42.45, 32, 21, 25, 7
2020/11/20, 16:59:00, 42.44, 42.47, 42.44, 42.45, 97, 59, 69, 28
2020/11/20, 16:59:30, 42.44, 42.47, 42.43, 42.47, 23, 16, 14, 9
2020/11/22, 18:00:00, 42.46, 42.52, 42.36, 42.45, 366, 254, 182, 184
2020/11/22, 18:00:30, 42.44, 42.45, 42.42, 42.44, 87, 58, 28, 59
2020/11/22, 18:01:00, 42.45, 42.51, 42.45, 42.48, 151, 98, 69, 82
2020/11/22, 18:01:30, 42.48, 42.49, 42.43, 42.44, 61, 45, 29, 32
2020/11/22, 18:02:00, 42.44, 42.44, 42.42, 42.43, 38, 37, 19, 19
2020/11/22, 18:02:30, 42.43, 42.46, 42.43, 42.46, 37, 27, 11, 26
2020/11/22, 18:03:00, 42.46, 42.47, 42.44, 42.44, 28, 26, 22, 6
2020/11/22, 18:03:30, 42.43, 42.44, 42.40, 42.42, 144, 95, 85, 59
2020/11/22, 18:04:00, 42.43, 42.50, 42.43, 42.44, 161, 118, 62, 99
2020/11/22, 18:04:30, 42.45, 42.45, 42.44, 42.44, 3, 3, 1, 2
2020/11/22, 18:05:00, 42.44, 42.45, 42.43, 42.44, 13, 13, 4, 9
2020/11/22, 18:05:30, 42.43, 42.44, 42.42, 42.43, 58, 38, 34, 24
2020/11/22, 18:06:00, 42.43, 42.43, 42.42, 42.43, 17, 13, 6, 11
2020/11/22, 18:06:30, 42.43, 42.44, 42.42, 42.43, 18, 9, 1, 17
2020/11/22, 18:07:00, 42.43, 42.43, 42.42, 42.43, 33, 26, 18, 15
2020/11/22, 18:07:30, 42.43, 42.43, 42.42, 42.42, 10, 7, 7, 3
2020/11/22, 18:08:00, 42.42, 42.43, 42.42, 42.43, 2, 2, 1, 1
2020/11/22, 18:08:30, 42.43, 42.44, 42.42, 42.44, 28, 26, 16, 12
2020/11/22, 18:09:00, 42.44, 42.45, 42.44, 42.45, 27, 24, 8, 19
2020/11/22, 18:09:30, 42.46, 42.46, 42.45, 42.45, 3, 3, 2, 1
2020/11/22, 18:10:00, 42.46, 42.46, 42.44, 42.44, 16, 15, 4, 12
2020/11/22, 18:10:30, 42.45, 42.47, 42.45, 42.46, 34, 31, 3, 31
2020/11/22, 18:11:00, 42.46, 42.48, 42.46, 42.47, 41, 26, 6, 35
2020/11/22, 18:11:30, 42.47, 42.47, 42.46, 42.46, 20, 17, 14, 6
2020/11/22, 18:12:00, 42.46, 42.47, 42.44, 42.44, 25, 22, 15, 10
2020/11/22, 18:12:30, 42.45, 42.45, 42.44, 42.45, 16, 16, 4, 12
2020/11/22, 18:13:00, 42.46, 42.46, 42.44, 42.45, 17, 17, 3, 14
2020/11/22, 18:13:30, 42.45, 42.46, 42.43, 42.46, 52, 44, 16, 36
2020/11/22, 18:14:00, 42.46, 42.49, 42.46, 42.48, 73, 53, 17, 56
2020/11/22, 18:14:30, 42.48, 42.57, 42.48, 42.55, 217, 168, 48, 169
2020/11/22, 18:15:00, 42.56, 42.57, 42.54, 42.54, 60, 51, 42, 18
2020/11/22, 18:15:30, 42.53, 42.54, 42.52, 42.53, 37, 34, 30, 7
2020/11/22, 18:16:00, 42.52, 42.53, 42.49, 42.50, 35, 33, 23, 12
2020/11/22, 18:16:30, 42.50, 42.50, 42.48, 42.49, 29, 29, 15, 14
2020/11/22, 18:17:00, 42.49, 42.50, 42.48, 42.49, 30, 30, 17, 13
2020/11/22, 18:17:30, 42.49, 42.51, 42.47, 42.49, 44, 40, 12, 32
2020/11/22, 18:18:00, 42.49, 42.49, 42.47, 42.47, 20, 19, 15, 5
2020/11/22, 18:18:30, 42.47, 42.48, 42.46, 42.46, 14, 14, 9, 5
2020/11/22, 18:19:00, 42.46, 42.47, 42.45, 42.46, 33, 28, 21, 12
2020/11/22, 18:19:30, 42.45, 42.46, 42.45, 42.46, 16, 16, 12, 4
2020/11/22, 18:20:00, 42.45, 42.46, 42.45, 42.46, 16, 16, 11, 5
2020/11/22, 18:20:30, 42.45, 42.45, 42.45, 42.45, 7, 7, 6, 1
2020/11/22, 18:21:00, 42.45, 42.46, 42.45, 42.45, 12, 12, 9, 3
2020/11/22, 18:21:30, 42.45, 42.45, 42.44, 42.44, 9, 9, 6, 3
2020/11/22, 18:22:00, 42.44, 42.45, 42.44, 42.44, 29, 24, 21, 8
2020/11/22, 18:22:30, 42.45, 42.45, 42.43, 42.43, 30, 18, 11, 19
2020/11/22, 18:23:00, 42.44, 42.44, 42.42, 42.42, 31, 28, 28, 3
2020/11/22, 18:23:30, 42.42, 42.43, 42.42, 42.42, 17, 14, 16, 1
2020/11/22, 18:24:00, 42.41, 42.42, 42.41, 42.42, 39, 27, 30, 9
2020/11/22, 18:24:30, 42.42, 42.42, 42.41, 42.41, 7, 7, 3, 4
2020/11/22, 18:25:00, 42.41, 42.42, 42.41, 42.41, 22, 21, 12, 10
2020/11/22, 18:25:30, 42.41, 42.42, 42.41, 42.41, 8, 7, 3, 5
2020/11/22, 18:26:00, 42.41, 42.42, 42.41, 42.41, 16, 11, 14, 2
2020/11/22, 18:26:30, 42.41, 42.42, 42.41, 42.41, 9, 9, 4, 5
2020/11/22, 18:27:00, 42.42, 42.42, 42.41, 42.41, 20, 18, 13, 7
2020/11/22, 18:27:30, 42.42, 42.42, 42.41, 42.42, 16, 15, 6, 10
2020/11/22, 18:28:00, 42.42, 42.42, 42.42, 42.42, 3, 3, 0, 3
2020/11/22, 18:28:30, 42.43, 42.43, 42.43, 42.43, 6, 2, 0, 6
2020/11/22, 18:29:00, 42.42, 42.42, 42.41, 42.42, 48, 33, 11, 37
2020/11/22, 18:29:30, 42.42, 42.42, 42.42, 42.42, 7, 6, 7, 0
2020/11/22, 18:30:00, 42.42, 42.43, 42.42, 42.42, 11, 10, 4, 7
2020/11/22, 18:30:30, 42.43, 42.44, 42.43, 42.44, 8, 8, 1, 7
2020/11/22, 18:31:00, 42.44, 42.45, 42.44, 42.45, 28, 26, 10, 18
2020/11/22, 18:31:30, 42.45, 42.45, 42.43, 42.44, 15, 15, 4, 11
2020/11/22, 18:32:00, 42.44, 42.44, 42.43, 42.43, 9, 9, 6, 3
2020/11/22, 18:32:30, 42.43, 42.44, 42.43, 42.44, 6, 6, 1, 5
2020/11/22, 18:33:00, 42.45, 42.45, 42.44, 42.44, 18, 18, 7, 11
2020/11/22, 18:33:30, 42.44, 42.44, 42.43, 42.44, 10, 9, 1, 9
2020/11/22, 18:34:00, 42.44, 42.44, 42.43, 42.43, 12, 11, 11, 1
2020/11/22, 18:34:30, 42.43, 42.43, 42.41, 42.41, 9, 9, 8, 1
2020/11/22, 18:35:00, 42.42, 42.42, 42.41, 42.41, 35, 21, 33, 2
2020/11/22, 18:35:30, 42.40, 42.40, 42.38, 42.39, 73, 47, 60, 13
2020/11/22, 18:36:00, 42.39, 42.40, 42.37, 42.37, 41, 31, 20, 21
2020/11/22, 18:36:30, 42.37, 42.37, 42.36, 42.36, 55, 43, 47, 8
2020/11/22, 18:37:00, 42.36, 42.36, 42.35, 42.36, 32, 26, 19, 13
2020/11/22, 18:37:30, 42.36, 42.36, 42.35, 42.36, 13, 12, 10, 3
2020/11/22, 18:38:00, 42.37, 42.39, 42.36, 42.38, 45, 39, 16, 29
2020/11/22, 18:38:30, 42.38, 42.39, 42.38, 42.38, 7, 6, 1, 6
2020/11/22, 18:39:00, 42.38, 42.39, 42.37, 42.38, 16, 16, 9, 7
2020/11/22, 18:39:30, 42.39, 42.39, 42.38, 42.38, 8, 6, 5, 3
2020/11/22, 18:40:00, 42.38, 42.38, 42.38, 42.38, 1, 1, 1, 0
2020/11/22, 18:40:30, 42.38, 42.38, 42.37, 42.37, 8, 7, 6, 2
2020/11/22, 18:41:00, 42.37, 42.37, 42.36, 42.36, 13, 11, 13, 0
2020/11/22, 18:41:30, 42.38, 42.38, 42.38, 42.38, 1, 1, 0, 1
2020/11/22, 18:42:00, 42.37, 42.39, 42.37, 42.39, 16, 13, 1, 15
2020/11/22, 18:42:30, 42.39, 42.40, 42.39, 42.40, 5, 5, 2, 3
2020/11/22, 18:43:00, 42.39, 42.40, 42.39, 42.39, 8, 8, 6, 2
2020/11/22, 18:43:30, 42.39, 42.40, 42.39, 42.40, 3, 3, 1, 2
2020/11/22, 18:44:00, 42.39, 42.39, 42.39, 42.39, 3, 3, 3, 0
2020/11/22, 18:45:00, 42.39, 42.40, 42.39, 42.40, 22, 21, 7, 15
2020/11/22, 18:45:30, 42.40, 42.40, 42.40, 42.40, 2, 2, 0, 2
2020/11/22, 18:46:00, 42.41, 42.42, 42.41, 42.42, 27, 26, 5, 22
2020/11/22, 18:46:30, 42.43, 42.43, 42.42, 42.42, 13, 12, 2, 11
2020/11/22, 18:47:00, 42.43, 42.45, 42.43, 42.44, 23, 23, 5, 18
2020/11/22, 18:47:30, 42.43, 42.46, 42.43, 42.46, 37, 34, 6, 31
2020/11/22, 18:48:00, 42.46, 42.46, 42.45, 42.45, 16, 15, 12, 4
2020/11/22, 18:48:30, 42.44, 42.44, 42.44, 42.44, 5, 5, 3, 2
2020/11/22, 18:49:00, 42.44, 42.44, 42.44, 42.44, 9, 9, 2, 7
2020/11/22, 18:49:30, 42.44, 42.44, 42.44, 42.44, 3, 2, 3, 0
2020/11/22, 18:50:00, 42.44, 42.44, 42.44, 42.44, 6, 6, 2, 4
2020/11/22, 18:50:30, 42.43, 42.45, 42.43, 42.45, 5, 5, 3, 2
2020/11/22, 18:51:00, 42.44, 42.44, 42.44, 42.44, 4, 3, 2, 2
2020/11/22, 18:51:30, 42.45, 42.45, 42.44, 42.44, 3, 3, 2, 1
2020/11/22, 18:52:00, 42.44, 42.44, 42.44, 42.44, 13, 13, 12, 1
2020/11/22, 18:52:30, 42.44, 42.45, 42.44, 42.45, 6, 4, 5, 1
2020/11/22, 18:53:00, 42.45, 42.47, 42.45, 42.45, 38, 37, 10, 28
2020/11/22, 18:53:30, 42.45, 42.46, 42.45, 42.46, 13, 11, 5, 8
2020/11/22, 18:54:00, 42.46, 42.46, 42.45, 42.45, 19, 16, 11, 8
2020/11/22, 18:54:30, 42.45, 42.46, 42.45, 42.46, 4, 4, 2, 2
2020/11/22, 18:55:00, 42.46, 42.46, 42.45, 42.46, 15, 15, 7, 8
2020/11/22, 18:56:00, 42.45, 42.46, 42.45, 42.46, 6, 6, 3, 3
2020/11/22, 18:56:30, 42.45, 42.45, 42.45, 42.45, 1, 1, 1, 0
2020/11/22, 18:57:00, 42.46, 42.46, 42.46, 42.46, 1, 1, 0, 1
2020/11/22, 18:58:00, 42.45, 42.45, 42.44, 42.44, 12, 11, 10, 2
2020/11/22, 18:58:30, 42.44, 42.47, 42.44, 42.47, 48, 37, 8, 40
2020/11/22, 18:59:00, 42.46, 42.46, 42.45, 42.46, 5, 5, 4, 1
2020/11/22, 18:59:30, 42.46, 42.47, 42.46, 42.47, 11, 9, 1, 10
2020/11/22, 19:00:00, 42.47, 42.47, 42.46, 42.46, 37, 33, 29, 8
2020/11/22, 19:00:30, 42.45, 42.45, 42.45, 42.45, 14, 14, 13, 1
2020/11/22, 19:01:00, 42.44, 42.44, 42.42, 42.43, 29, 27, 25, 4
2020/11/22, 19:01:30, 42.43, 42.43, 42.41, 42.41, 11, 11, 10, 1
2020/11/22, 19:02:00, 42.43, 42.44, 42.41, 42.44, 42, 35, 17, 25
2020/11/22, 19:02:30, 42.43, 42.43, 42.42, 42.42, 8, 5, 5, 3
2020/11/22, 19:03:00, 42.42, 42.42, 42.42, 42.42, 1, 1, 1, 0
2020/11/22, 19:03:30, 42.42, 42.42, 42.41, 42.41, 18, 11, 18, 0
2020/11/22, 19:04:00, 42.41, 42.42, 42.41, 42.41, 12, 9, 10, 2
2020/11/22, 19:04:30, 42.41, 42.41, 42.41, 42.41, 3, 3, 3, 0
2020/11/22, 19:05:00, 42.42, 42.43, 42.42, 42.43, 7, 6, 0, 7
2020/11/22, 19:05:30, 42.43, 42.43, 42.42, 42.43, 23, 22, 5, 18
2020/11/22, 19:06:00, 42.44, 42.44, 42.44, 42.44, 8, 7, 3, 5
2020/11/22, 19:06:30, 42.44, 42.44, 42.44, 42.44, 1, 1, 0, 1
2020/11/22, 19:07:00, 42.44, 42.44, 42.44, 42.44, 11, 11, 1, 10
2020/11/22, 19:07:30, 42.44, 42.45, 42.44, 42.44, 11, 8, 10, 1
2020/11/22, 19:08:00, 42.43, 42.43, 42.42, 42.43, 13, 13, 9, 4
2020/11/22, 19:08:30, 42.43, 42.45, 42.43, 42.44, 24, 19, 5, 19
2020/11/22, 19:09:00, 42.44, 42.46, 42.44, 42.45, 18, 17, 4, 14
2020/11/22, 19:09:30, 42.46, 42.47, 42.46, 42.46, 37, 27, 29, 8
2020/11/22, 19:10:00, 42.45, 42.45, 42.44, 42.44, 8, 7, 7, 1
2020/11/22, 19:10:30, 42.45, 42.46, 42.45, 42.46, 22, 18, 5, 17
2020/11/22, 19:11:00, 42.47, 42.47, 42.47, 42.47, 11, 11, 2, 9
2020/11/22, 19:11:30, 42.47, 42.47, 42.45, 42.45, 16, 15, 15, 1
2020/11/22, 19:12:00, 42.45, 42.45, 42.45, 42.45, 9, 8, 1, 8
2020/11/22, 19:12:30, 42.46, 42.46, 42.45, 42.46, 22, 18, 1, 21
2020/11/22, 19:13:00, 42.47, 42.48, 42.47, 42.47, 43, 42, 16, 27
2020/11/22, 19:13:30, 42.47, 42.48, 42.47, 42.47, 29, 25, 9, 20
2020/11/22, 19:14:00, 42.47, 42.47, 42.46, 42.47, 38, 28, 26, 12
2020/11/22, 19:14:30, 42.47, 42.48, 42.46, 42.47, 13, 11, 6, 7
2020/11/22, 19:15:00, 42.47, 42.48, 42.46, 42.46, 10, 9, 5, 5
2020/11/22, 19:15:30, 42.48, 42.48, 42.47, 42.47, 3, 3, 2, 1
2020/11/22, 19:16:00, 42.47, 42.47, 42.46, 42.47, 23, 22, 14, 9
2020/11/22, 19:16:30, 42.46, 42.46, 42.44, 42.45, 87, 78, 57, 30
2020/11/22, 19:17:00, 42.44, 42.45, 42.44, 42.45, 19, 18, 14, 5
2020/11/22, 19:17:30, 42.44, 42.45, 42.44, 42.45, 8, 8, 5, 3
2020/11/22, 19:18:00, 42.45, 42.45, 42.44, 42.44, 7, 6, 7, 0
2020/11/22, 19:18:30, 42.45, 42.45, 42.44, 42.44, 2, 2, 1, 1
2020/11/22, 19:19:00, 42.45, 42.45, 42.44, 42.44, 30, 26, 25, 5
2020/11/22, 19:19:30, 42.44, 42.44, 42.42, 42.44, 72, 67, 53, 19
2020/11/22, 19:20:00, 42.44, 42.46, 42.44, 42.46, 23, 21, 7, 16
2020/11/22, 19:20:30, 42.45, 42.45, 42.45, 42.45, 5, 5, 4, 1
2020/11/22, 19:21:00, 42.45, 42.45, 42.45, 42.45, 3, 3, 3, 0
2020/11/22, 19:21:30, 42.45, 42.45, 42.45, 42.45, 11, 10, 4, 7
2020/11/22, 19:22:00, 42.44, 42.46, 42.44, 42.46, 28, 23, 13, 15
2020/11/22, 19:22:30, 42.46, 42.46, 42.46, 42.46, 1, 1, 0, 1
2020/11/22, 19:23:00, 42.46, 42.48, 42.46, 42.48, 23, 22, 4, 19
2020/11/22, 19:23:30, 42.48, 42.48, 42.47, 42.47, 3, 3, 1, 2
2020/11/22, 19:24:00, 42.47, 42.48, 42.46, 42.47, 19, 18, 11, 8
2020/11/22, 19:24:30, 42.47, 42.47, 42.47, 42.47, 1, 1, 0, 1
2020/11/22, 19:25:00, 42.46, 42.46, 42.46, 42.46, 2, 2, 2, 0
2020/11/22, 19:25:30, 42.46, 42.46, 42.43, 42.44, 31, 30, 22, 9
2020/11/22, 19:26:00, 42.44, 42.44, 42.42, 42.43, 18, 16, 13, 5
2020/11/22, 19:26:30, 42.43, 42.43, 42.42, 42.42, 23, 22, 20, 3
2020/11/22, 19:27:00, 42.42, 42.42, 42.42, 42.42, 15, 14, 5, 10
2020/11/22, 19:27:30, 42.41, 42.41, 42.41, 42.41, 4, 4, 4, 0
2020/11/22, 19:28:00, 42.42, 42.43, 42.42, 42.42, 15, 13, 4, 11
2020/11/22, 19:28:30, 42.41, 42.43, 42.41, 42.42, 13, 12, 7, 6
2020/11/22, 19:29:00, 42.43, 42.44, 42.43, 42.44, 7, 7, 2, 5
2020/11/22, 19:29:30, 42.44, 42.44, 42.44, 42.44, 2, 2, 0, 2
2020/11/22, 19:30:00, 42.44, 42.44, 42.44, 42.44, 2, 2, 0, 2
2020/11/22, 19:30:30, 42.44, 42.44, 42.43, 42.43, 3, 3, 3, 0
2020/11/22, 19:31:00, 42.44, 42.44, 42.43, 42.43, 14, 11, 10, 4
2020/11/22, 19:32:00, 42.43, 42.45, 42.42, 42.45, 46, 35, 20, 26
2020/11/22, 19:32:30, 42.44, 42.45, 42.44, 42.44, 12, 8, 8, 4
2020/11/22, 19:33:00, 42.44, 42.45, 42.43, 42.45, 35, 26, 14, 21
2020/11/22, 19:33:30, 42.45, 42.45, 42.45, 42.45, 3, 3, 2, 1
2020/11/22, 19:34:00, 42.46, 42.47, 42.46, 42.46, 7, 7, 1, 6
2020/11/22, 19:34:30, 42.45, 42.47, 42.45, 42.46, 33, 26, 3, 30
2020/11/22, 19:35:00, 42.46, 42.46, 42.45, 42.45, 17, 14, 15, 2
2020/11/22, 19:35:30, 42.45, 42.46, 42.45, 42.46, 4, 4, 2, 2
2020/11/22, 19:36:00, 42.47, 42.47, 42.46, 42.46, 22, 22, 9, 13
2020/11/22, 19:36:30, 42.46, 42.46, 42.45, 42.46, 3, 3, 1, 2
2020/11/22, 19:37:00, 42.46, 42.46, 42.46, 42.46, 1, 1, 1, 0
2020/11/22, 19:37:30, 42.46, 42.46, 42.45, 42.46, 14, 13, 8, 6
2020/11/22, 19:38:00, 42.45, 42.45, 42.45, 42.45, 3, 3, 3, 0
2020/11/22, 19:38:30, 42.46, 42.46, 42.46, 42.46, 6, 5, 0, 6
2020/11/22, 19:39:00, 42.46, 42.46, 42.46, 42.46, 1, 1, 1, 0
2020/11/22, 19:40:00, 42.45, 42.45, 42.43, 42.43, 20, 18, 19, 1
2020/11/22, 19:40:30, 42.43, 42.43, 42.43, 42.43, 1, 1, 1, 0
2020/11/22, 19:41:30, 42.44, 42.44, 42.44, 42.44, 8, 7, 1, 7
2020/11/22, 19:42:00, 42.44, 42.44, 42.44, 42.44, 6, 6, 6, 0
2020/11/22, 19:42:30, 42.45, 42.45, 42.45, 42.45, 3, 2, 0, 3
2020/11/22, 19:44:00, 42.46, 42.46, 42.46, 42.46, 12, 8, 5, 7
2020/11/22, 19:44:30, 42.45, 42.45, 42.45, 42.45, 6, 6, 4, 2
2020/11/22, 19:45:00, 42.45, 42.46, 42.45, 42.46, 8, 8, 2, 6
2020/11/22, 19:45:30, 42.45, 42.46, 42.45, 42.45, 25, 22, 9, 16
2020/11/22, 19:46:00, 42.45, 42.45, 42.45, 42.45, 4, 4, 3, 1
2020/11/22, 19:47:00, 42.46, 42.47, 42.46, 42.46, 8, 8, 1, 7
2020/11/22, 19:47:30, 42.46, 42.46, 42.46, 42.46, 1, 1, 1, 0
2020/11/22, 19:48:00, 42.47, 42.47, 42.44, 42.45, 19, 16, 12, 7
2020/11/22, 19:48:30, 42.46, 42.47, 42.46, 42.47, 5, 5, 2, 3
2020/11/22, 19:49:00, 42.47, 42.47, 42.46, 42.46, 33, 24, 6, 27
2020/11/22, 19:49:30, 42.47, 42.48, 42.47, 42.47, 27, 27, 14, 13
2020/11/22, 19:50:00, 42.47, 42.47, 42.46, 42.47, 16, 15, 7, 9
2020/11/22, 19:50:30, 42.46, 42.46, 42.45, 42.45, 36, 30, 29, 7
2020/11/22, 19:51:30, 42.45, 42.46, 42.45, 42.46, 15, 9, 1, 14
2020/11/22, 19:53:30, 42.46, 42.46, 42.46, 42.46, 10, 9, 4, 6
2020/11/22, 19:54:00, 42.46, 42.47, 42.46, 42.46, 6, 6, 4, 2
2020/11/22, 19:54:30, 42.45, 42.45, 42.45, 42.45, 1, 1, 1, 0
2020/11/22, 19:55:00, 42.45, 42.45, 42.45, 42.45, 1, 1, 1, 0
2020/11/22, 19:55:30, 42.45, 42.45, 42.45, 42.45, 1, 1, 1, 0
2020/11/22, 19:56:00, 42.45, 42.46, 42.45, 42.46, 16, 13, 13, 3
2020/11/22, 19:56:30, 42.46, 42.46, 42.46, 42.46, 2, 2, 0, 2
2020/11/22, 19:57:00, 42.45, 42.47, 42.45, 42.46, 31, 22, 9, 22
2020/11/22, 19:57:30, 42.46, 42.46, 42.45, 42.45, 4, 4, 1, 3
2020/11/22, 19:58:00, 42.46, 42.47, 42.46, 42.46, 27, 20, 18, 9
2020/11/22, 19:58:30, 42.45, 42.45, 42.45, 42.45, 2, 2, 2, 0
2020/11/22, 19:59:00, 42.45, 42.46, 42.45, 42.46, 38, 28, 24, 14
2020/11/22, 19:59:30, 42.46, 42.46, 42.46, 42.46, 3, 3, 3, 0
2020/11/22, 20:00:00, 42.45, 42.45, 42.43, 42.45, 82, 75, 41, 41
2020/11/22, 20:00:30, 42.44, 42.44, 42.42, 42.43, 21, 21, 17, 4
2020/11/22, 20:01:00, 42.43, 42.44, 42.41, 42.41, 68, 55, 52, 16
2020/11/22, 20:01:30, 42.41, 42.42, 42.40, 42.41, 46, 44, 31, 15
2020/11/22, 20:02:00, 42.41, 42.43, 42.41, 42.41, 56, 54, 23, 33
2020/11/22, 20:02:30, 42.41, 42.42, 42.40, 42.42, 45, 43, 19, 26
2020/11/22, 20:03:00, 42.42, 42.45, 42.42, 42.43, 53, 46, 28, 25
2020/11/22, 20:03:30, 42.43, 42.44, 42.43, 42.43, 6, 6, 2, 4
2020/11/22, 20:04:00, 42.43, 42.44, 42.42, 42.44, 56, 50, 21, 35
2020/11/22, 20:04:30, 42.44, 42.44, 42.43, 42.43, 29, 26, 20, 9
2020/11/22, 20:05:00, 42.44, 42.45, 42.44, 42.44, 8, 7, 5, 3
2020/11/22, 20:05:30, 42.44, 42.48, 42.44, 42.48, 63, 56, 28, 35
2020/11/22, 20:06:00, 42.48, 42.51, 42.48, 42.49, 123, 95, 43, 80
2020/11/22, 20:06:30, 42.48, 42.48, 42.47, 42.47, 13, 10, 10, 3
2020/11/22, 20:07:00, 42.48, 42.48, 42.48, 42.48, 2, 2, 0, 2
2020/11/22, 20:07:30, 42.46, 42.46, 42.45, 42.45, 9, 8, 6, 3
2020/11/22, 20:08:00, 42.45, 42.45, 42.41, 42.42, 70, 63, 48, 22
2020/11/22, 20:08:30, 42.42, 42.43, 42.42, 42.42, 7, 6, 3, 4
2020/11/22, 20:09:00, 42.42, 42.44, 42.42, 42.44, 9, 6, 1, 8
2020/11/22, 20:09:30, 42.43, 42.43, 42.42, 42.43, 21, 16, 10, 11
2020/11/22, 20:10:00, 42.42, 42.44, 42.42, 42.44, 26, 25, 13, 13
2020/11/22, 20:10:30, 42.43, 42.43, 42.41, 42.41, 47, 44, 32, 15
2020/11/22, 20:11:00, 42.40, 42.42, 42.40, 42.41, 36, 32, 19, 17
2020/11/22, 20:11:30, 42.41, 42.42, 42.41, 42.42, 18, 17, 5, 13
2020/11/22, 20:12:00, 42.42, 42.42, 42.41, 42.41, 22, 21, 16, 6
2020/11/22, 20:12:30, 42.42, 42.42, 42.41, 42.41, 19, 17, 12, 7
2020/11/22, 20:13:00, 42.41, 42.42, 42.40, 42.40, 21, 21, 11, 10
2020/11/22, 20:13:30, 42.41, 42.42, 42.40, 42.41, 35, 30, 22, 13
2020/11/22, 20:14:00, 42.42, 42.43, 42.42, 42.42, 19, 19, 5, 14
2020/11/22, 20:14:30, 42.43, 42.44, 42.42, 42.43, 18, 18, 8, 10
2020/11/22, 20:15:00, 42.43, 42.43, 42.43, 42.43, 1, 1, 1, 0
2020/11/22, 20:15:30, 42.44, 42.44, 42.43, 42.43, 16, 16, 6, 10
2020/11/22, 20:16:00, 42.43, 42.44, 42.43, 42.43, 28, 24, 14, 14
2020/11/22, 20:16:30, 42.43, 42.44, 42.43, 42.44, 5, 5, 1, 4
2020/11/22, 20:17:00, 42.44, 42.44, 42.44, 42.44, 9, 9, 4, 5
2020/11/22, 20:17:30, 42.44, 42.44, 42.44, 42.44, 10, 5, 4, 6
2020/11/22, 20:18:00, 42.45, 42.46, 42.45, 42.45, 20, 19, 8, 12
2020/11/22, 20:18:30, 42.45, 42.46, 42.44, 42.44, 10, 10, 9, 1
2020/11/22, 20:19:00, 42.44, 42.45, 42.44, 42.45, 2, 2, 1, 1
2020/11/22, 20:19:30, 42.45, 42.46, 42.44, 42.46, 19, 16, 8, 11
2020/11/22, 20:20:00, 42.45, 42.45, 42.40, 42.41, 125, 95, 90, 35
2020/11/22, 20:20:30, 42.41, 42.42, 42.36, 42.38, 283, 218, 179, 104
2020/11/22, 20:21:00, 42.39, 42.39, 42.38, 42.39, 66, 62, 26, 40
2020/11/22, 20:21:30, 42.38, 42.38, 42.36, 42.37, 32, 29, 24, 8
2020/11/22, 20:22:00, 42.38, 42.39, 42.37, 42.38, 29, 24, 10, 19
2020/11/22, 20:22:30, 42.39, 42.41, 42.39, 42.40, 27, 26, 8, 19
2020/11/22, 20:23:00, 42.39, 42.40, 42.39, 42.39, 6, 6, 2, 4
2020/11/22, 20:23:30, 42.38, 42.39, 42.38, 42.38, 5, 5, 3, 2
2020/11/22, 20:24:00, 42.38, 42.40, 42.38, 42.39, 44, 39, 30, 14
2020/11/22, 20:24:30, 42.39, 42.40, 42.39, 42.39, 8, 8, 4, 4
2020/11/22, 20:25:00, 42.40, 42.40, 42.39, 42.40, 20, 19, 5, 15
2020/11/22, 20:25:30, 42.40, 42.40, 42.40, 42.40, 13, 11, 2, 11
2020/11/22, 20:26:00, 42.40, 42.40, 42.39, 42.39, 7, 7, 6, 1
2020/11/22, 20:26:30, 42.39, 42.40, 42.39, 42.39, 22, 21, 3, 19
2020/11/22, 20:27:00, 42.39, 42.40, 42.39, 42.40, 24, 22, 5, 19
2020/11/22, 20:27:30, 42.41, 42.44, 42.41, 42.44, 49, 34, 6, 43
2020/11/22, 20:28:00, 42.43, 42.46, 42.43, 42.45, 67, 55, 35, 32
2020/11/22, 20:28:30, 42.45, 42.46, 42.44, 42.45, 14, 13, 7, 7
2020/11/22, 20:29:00, 42.45, 42.45, 42.44, 42.45, 19, 18, 13, 6
2020/11/22, 20:29:30, 42.45, 42.45, 42.43, 42.43, 41, 35, 27, 14
2020/11/22, 20:30:00, 42.44, 42.45, 42.43, 42.43, 7, 7, 4, 3
2020/11/22, 20:30:30, 42.43, 42.43, 42.43, 42.43, 3, 3, 2, 1
2020/11/22, 20:31:00, 42.43, 42.43, 42.43, 42.43, 2, 2, 2, 0
2020/11/22, 20:31:30, 42.43, 42.43, 42.39, 42.40, 60, 54, 48, 12
2020/11/22, 20:32:00, 42.38, 42.40, 42.38, 42.39, 18, 17, 8, 10
2020/11/22, 20:32:30, 42.40, 42.40, 42.39, 42.40, 13, 10, 6, 7
